# world_file: learn.world
latitude: 29.446018
longitude: -98.607024
